-0.01260386,-3.5093467e-07
-0.012590993,-3.4748718e-07
-0.012578125,-3.5005255e-07
-0.012565257,-3.5043657e-07
-0.01255239,-3.480805e-07
-0.012539522,-3.5340906e-07
-0.012526654,-3.5362707e-07
-0.012513787,-3.4742796e-07
-0.012500919,-3.5311597e-07
-0.012488051,-3.5283878e-07
-0.012475184,-3.4992548e-07
-0.012462316,-3.4521623e-07
-0.012449449,-3.4647799e-07
-0.012436581,-3.4728643e-07
-0.012423713,-3.5040907e-07
-0.012410846,-3.5027336e-07
-0.012397978,-3.4924402e-07
-0.01238511,-3.503282e-07
-0.012372243,-3.5158132e-07
-0.012359375,-3.5386663e-07
-0.012346507,-3.5321697e-07
-0.01233364,-3.5551095e-07
-0.012320772,-3.5666588e-07
-0.012307904,-3.5830442e-07
-0.012295037,-3.5363704e-07
-0.012282169,-3.5032095e-07
-0.012269301,-3.5432711e-07
-0.012256434,-3.5153073e-07
-0.012243566,-3.559469e-07
-0.012230699,-3.5456385e-07
-0.012217831,-3.5079301e-07
-0.012204963,-3.4864482e-07
-0.012192096,-3.4778873e-07
-0.012179228,-3.5279247e-07
-0.01216636,-3.5023284e-07
-0.012153493,-3.5246617e-07
-0.012140625,-3.5299167e-07
-0.012127757,-3.499022e-07
-0.01211489,-3.4888153e-07
-0.012102022,-3.535388e-07
-0.012089154,-3.557476e-07
-0.012076287,-3.501144e-07
-0.012063419,-3.5217018e-07
-0.012050551,-3.5109033e-07
-0.012037684,-3.4998302e-07
-0.012024816,-3.5349834e-07
-0.012011949,-3.5349545e-07
-0.011999081,-3.5317205e-07
-0.011986213,-3.5731537e-07
-0.011973346,-3.5777299e-07
-0.011960478,-3.5244444e-07
-0.01194761,-3.5157534e-07
-0.011934743,-3.5473408e-07
-0.011921875,-3.5006815e-07
-0.011909007,-3.546922e-07
-0.01189614,-3.5395014e-07
-0.011883272,-3.5616039e-07
-0.011870404,-3.5706844e-07
-0.011857537,-3.5574749e-07
-0.011844669,-3.5198239e-07
-0.011831801,-3.5233753e-07
-0.011818934,-3.5502998e-07
-0.011806066,-3.5087075e-07
-0.011793199,-3.5276919e-07
-0.011780331,-3.5037125e-07
-0.011767463,-3.5599575e-07
-0.011754596,-3.5421283e-07
-0.011741728,-3.5585283e-07
-0.01172886,-3.5268253e-07
-0.011715993,-3.5920211e-07
-0.011703125,-3.5496782e-07
-0.011690257,-3.5245873e-07
-0.01167739,-3.5345341e-07
-0.011664522,-3.4877595e-07
-0.011651654,-3.4767441e-07
-0.011638787,-3.4960891e-07
-0.011625919,-3.5335234e-07
-0.011613051,-3.5189568e-07
-0.011600184,-3.5181193e-07
-0.011587316,-3.5639124e-07
-0.011574449,-3.5497499e-07
-0.011561581,-3.5651392e-07
-0.011548713,-3.5128931e-07
-0.011535846,-3.5087785e-07
-0.011522978,-3.485651e-07
-0.01151011,-3.4717196e-07
-0.011497243,-3.4899962e-07
-0.011484375,-3.488206e-07
-0.011471507,-3.5642293e-07
-0.01145864,-3.4930279e-07
-0.011445772,-3.5060352e-07
-0.011432904,-3.5022239e-07
-0.011420037,-3.5502401e-07
-0.011407169,-3.5304908e-07
-0.011394301,-3.4879458e-07
-0.011381434,-3.493576e-07
-0.011368566,-3.5212943e-07
-0.011355699,-3.5293499e-07
-0.011342831,-3.4908906e-07
-0.011329963,-3.503999e-07
-0.011317096,-3.5052261e-07
-0.011304228,-3.4915689e-07
-0.01129136,-3.4929983e-07
-0.011278493,-3.4530952e-07
-0.011265625,-3.5042009e-07
-0.011252757,-3.4813621e-07
-0.01123989,-3.5030459e-07
-0.011227022,-3.4876852e-07
-0.011214154,-3.5193593e-07
-0.011201287,-3.4861838e-07
-0.011188419,-3.5075644e-07
-0.011175551,-3.5524622e-07
-0.011162684,-3.5326984e-07
-0.011149816,-3.5358888e-07
-0.011136949,-3.5166735e-07
-0.011124081,-3.5382562e-07
-0.011111213,-3.561528e-07
-0.011098346,-3.4810437e-07
-0.011085478,-3.5175105e-07
-0.01107261,-3.5109131e-07
-0.011059743,-3.5448825e-07
-0.011046875,-3.5432798e-07
-0.011034007,-3.5515376e-07
-0.01102114,-3.5030016e-07
-0.011008272,-3.5509457e-07
-0.010995404,-3.6016614e-07
-0.010982537,-3.5401757e-07
-0.010969669,-3.5635196e-07
-0.010956801,-3.4992045e-07
-0.010943934,-3.5125727e-07
-0.010931066,-3.5135255e-07
-0.010918199,-3.5347185e-07
-0.010905331,-3.5841351e-07
-0.010892463,-3.5528073e-07
-0.010879596,-3.5531248e-07
-0.010866728,-3.5492559e-07
-0.01085386,-3.4976159e-07
-0.010840993,-3.4814901e-07
-0.010828125,-3.4690744e-07
-0.010815257,-3.5214074e-07
-0.01080239,-3.5630424e-07
-0.010789522,-3.5813915e-07
-0.010776654,-3.4902239e-07
-0.010763787,-3.5561992e-07
-0.010750919,-3.5195879e-07
-0.010738051,-3.521609e-07
-0.010725184,-3.5384276e-07
-0.010712316,-3.4771874e-07
-0.010699449,-3.5003725e-07
-0.010686581,-3.496518e-07
-0.010673713,-3.5232112e-07
-0.010660846,-3.5461365e-07
-0.010647978,-3.5768721e-07
-0.01063511,-3.5783012e-07
-0.010622243,-3.5752695e-07
-0.010609375,-3.60485e-07
-0.010596507,-3.5971265e-07
-0.01058364,-3.580943e-07
-0.010570772,-3.5116327e-07
-0.010557904,-3.5814336e-07
-0.010545037,-3.5838302e-07
-0.010532169,-3.5033747e-07
-0.010519301,-3.5013534e-07
-0.010506434,-3.5099721e-07
-0.010493566,-3.5585079e-07
-0.010480699,-3.517176e-07
-0.010467831,-3.5644413e-07
-0.010454963,-3.5266317e-07
-0.010442096,-3.5544077e-07
-0.010429228,-3.515833e-07
-0.01041636,-3.5458757e-07
-0.010403493,-3.5434502e-07
-0.010390625,-3.5454714e-07
-0.010377757,-3.5416456e-07
-0.01036489,-3.520106e-07
-0.010352022,-3.5165834e-07
-0.010339154,-3.4516618e-07
-0.010326287,-3.4817764e-07
-0.010313419,-3.4913045e-07
-0.010300551,-3.5020164e-07
-0.010287684,-3.4710499e-07
-0.010274816,-3.4730421e-07
-0.010261949,-3.5396672e-07
-0.010249081,-3.5198167e-07
-0.010236213,-3.4713239e-07
-0.010223346,-3.4848655e-07
-0.010210478,-3.5214335e-07
-0.01019761,-3.474139e-07
-0.010184743,-3.4787729e-07
-0.010171875,-3.5104902e-07
-0.010159007,-3.429284e-07
-0.01014614,-3.4313052e-07
-0.010133272,-3.4597164e-07
-0.010120404,-3.4412375e-07
-0.010107537,-3.4481958e-07
-0.010094669,-3.4981465e-07
-0.010081801,-3.4702839e-07
-0.010068934,-3.4621704e-07
-0.010056066,-3.4730989e-07
-0.010043199,-3.4687388e-07
-0.010030331,-3.4543742e-07
-0.010017463,-3.4794076e-07
-0.010004596,-3.4683345e-07
-0.0099917279,-3.4222238e-07
-0.0099788603,-3.4297309e-07
-0.0099659926,-3.4829009e-07
-0.009953125,-3.4962114e-07
-0.0099402574,-3.4779201e-07
-0.0099273897,-3.4304667e-07
-0.0099145221,-3.4046252e-07
-0.0099016544,-3.4322713e-07
-0.0098887868,-3.4564958e-07
-0.0098759191,-3.4590654e-07
-0.0098630515,-3.4675252e-07
-0.0098501838,-3.4443255e-07
-0.0098373162,-3.4213279e-07
-0.0098244485,-3.4661538e-07
-0.0098115809,-3.4592963e-07
-0.0097987132,-3.4594117e-07
-0.0097858456,-3.4512116e-07
-0.0097729779,-3.4541277e-07
-0.0097601103,-3.497611e-07
-0.0097472426,-3.5051178e-07
-0.009734375,-3.4523373e-07
-0.0097215074,-3.4555712e-07
-0.0097086397,-3.4331798e-07
-0.0096957721,-3.4393587e-07
-0.0096829044,-3.4536077e-07
-0.0096700368,-3.4820909e-07
-0.0096571691,-3.4696178e-07
-0.0096443015,-3.4301191e-07
-0.0096314338,-3.4733278e-07
-0.0096185662,-3.4693867e-07
-0.0096056985,-3.4339591e-07
-0.0095928309,-3.501407e-07
-0.0095799632,-3.4934811e-07
-0.0095670956,-3.462861e-07
-0.0095542279,-3.4500412e-07
-0.0095413603,-3.4456669e-07
-0.0095284926,-3.4583999e-07
-0.009515625,-3.4394156e-07
-0.0095027574,-3.4195074e-07
-0.0094898897,-3.4497954e-07
-0.0094770221,-3.4527115e-07
-0.0094641544,-3.4590925e-07
-0.0094512868,-4.1095641e-07
-0.0094384191,-3.6069668e-07
-0.0094255515,-3.4951261e-07
-0.0094126838,-3.4653001e-07
-0.0093998162,-3.4319948e-07
-0.0093869485,-3.4767337e-07
-0.0093740809,-3.4798519e-07
-0.0093612132,-3.4413494e-07
-0.0093483456,-3.4679272e-07
-0.0093354779,-3.4867813e-07
-0.0093226103,-3.4800827e-07
-0.0093097426,-3.4831722e-07
-0.009296875,-3.4247469e-07
-0.0092840074,-3.4260029e-07
-0.0092711397,-3.4628017e-07
-0.0092582721,-3.4486682e-07
-0.0092454044,-3.4292654e-07
-0.0092325368,-3.4531291e-07
-0.0092196691,-3.4832005e-07
-0.0092068015,-3.4924689e-07
-0.0091939338,-3.4882532e-07
-0.0091810662,-3.4545437e-07
-0.0091681985,-3.4510211e-07
-0.0091553309,-3.5011162e-07
-0.0091424632,-3.4580517e-07
-0.0091295956,-3.4523057e-07
-0.0091167279,-3.4986761e-07
-0.0091038603,-3.5290652e-07
-0.0090909926,-3.4658616e-07
-0.009078125,-4.2903525e-07
-0.0090652574,-3.5607536e-07
-0.0090523897,-3.4843257e-07
-0.0090395221,-3.4735849e-07
-0.0090266544,-3.5287618e-07
-0.0090137868,-3.5251813e-07
-0.0090009191,-3.4798501e-07
-0.0089880515,-3.4853217e-07
-0.0089751838,-3.468373e-07
-0.0089623162,-3.4594077e-07
-0.0089494485,-3.4471799e-07
-0.0089365809,-3.471881e-07
-0.0089237132,-3.5012305e-07
-0.0089108456,-3.4767603e-07
-0.0088979779,-3.4732523e-07
-0.0088851103,-3.4985306e-07
-0.0088722426,-3.4402932e-07
-0.008859375,-3.4173822e-07
-0.0088465074,-3.4759227e-07
-0.0088336397,-3.4498212e-07
-0.0088207721,-3.4449415e-07
-0.0088079044,-3.5223652e-07
-0.0087950368,-3.5146271e-07
-0.0087821691,-3.4426748e-07
-0.0087693015,-3.4468904e-07
-0.0087564338,-3.4895216e-07
-0.0087435662,-3.4807732e-07
-0.0087306985,-3.4642719e-07
-0.0087178309,-3.4266356e-07
-0.0087049632,-3.4622361e-07
-0.0086920956,-3.4846706e-07
-0.0086792279,-3.4711433e-07
-0.0086663603,-3.4814366e-07
-0.0086534926,-4.1746697e-07
-0.008640625,-3.4574142e-07
-0.0086277574,-3.4142195e-07
-0.0086148897,-3.4212212e-07
-0.0086020221,-3.4434971e-07
-0.0085891544,-3.4489396e-07
-0.0085762868,-3.4672595e-07
-0.0085634191,-3.4206292e-07
-0.0085505515,-3.4304316e-07
-0.0085376838,-3.4867487e-07
-0.0085248162,-3.4342428e-07
-0.0085119485,-3.3986708e-07
-0.0084990809,-4.0455621e-07
-0.0084862132,-3.4334341e-07
-0.0084733456,-3.4659165e-07
-0.0084604779,-3.4527792e-07
-0.0084476103,-3.4422979e-07
-0.0084347426,-3.4458783e-07
-0.008421875,-3.4447088e-07
-0.0084090074,-3.4482314e-07
-0.0083961397,-3.4385732e-07
-0.0083832721,-3.497157e-07
-0.0083704044,-3.4617149e-07
-0.0083575368,-3.4357e-07
-0.0083446691,-3.441518e-07
-0.0083318015,-3.4237897e-07
-0.0083189338,-3.4772053e-07
-0.0083060662,-3.4876574e-07
-0.0082931985,-3.5013866e-07
-0.0082803309,-4.090719e-07
-0.0082674632,-4.2959935e-07
-0.0082545956,-4.3292987e-07
-0.0082417279,-4.2505035e-07
-0.0082288603,-4.2401234e-07
-0.0082159926,-4.3247366e-07
-0.008203125,-4.2863929e-07
-0.0081902574,-4.0913249e-07
-0.0081773897,-4.2877064e-07
-0.0081645221,-4.2728078e-07
-0.0081516544,-4.1657888e-07
-0.0081387868,-4.1693115e-07
-0.0081259191,-4.3103861e-07
-0.0081130515,-4.2846455e-07
-0.0081001838,-4.0821138e-07
-0.0080873162,-4.3066613e-07
-0.0080744485,-4.3387683e-07
-0.0080615809,-4.1877754e-07
-0.0080487132,-4.1772944e-07
-0.0080358456,-4.3111221e-07
-0.0080229779,-4.3079026e-07
-0.0080101103,-4.0967233e-07
-0.0079972426,-4.2971328e-07
-0.007984375,-4.3361838e-07
-0.0079715074,-4.2037708e-07
-0.0079586397,-4.2016918e-07
-0.0079457721,-4.3086675e-07
-0.0079329044,-4.3041775e-07
-0.0079200368,-4.092724e-07
-0.0079071691,-4.3256158e-07
-0.0078943015,-4.3795654e-07
-0.0078814338,-4.222668e-07
-0.0078685662,-4.2167055e-07
-0.0078556985,-4.3367028e-07
-0.0078428309,-4.2669017e-07
-0.0078299632,-4.1123863e-07
-0.0078170956,-4.2730515e-07
-0.0078042279,-4.2857558e-07
-0.0077913603,-4.1843384e-07
-0.0077784926,-4.2848893e-07
-0.007765625,-4.3451767e-07
-0.0077527574,-4.3322559e-07
-0.0077398897,-4.141259e-07
-0.0077270221,-4.2813812e-07
-0.0077141544,-4.2861595e-07
-0.0077012868,-4.1343294e-07
-0.0076884191,-4.2042605e-07
-0.0076755515,-4.2502554e-07
-0.0076626838,-4.2299286e-07
-0.0076498162,-4.1180736e-07
-0.0076369485,-4.2651827e-07
-0.0076240809,-4.3076408e-07
-0.0076112132,-4.1247719e-07
-0.0075983456,-4.1907618e-07
-0.0075854779,-4.2752448e-07
-0.0075726103,-4.2468624e-07
-0.0075597426,-4.1308783e-07
-0.007546875,-4.2715346e-07
-0.0075340074,-4.2950951e-07
-0.0075211397,-4.1887835e-07
-0.0075082721,-4.2850325e-07
-0.0074954044,-4.3482072e-07
-0.0074825368,-4.3218314e-07
-0.0074696691,-4.1631149e-07
-0.0074568015,-4.3118413e-07
-0.0074439338,-4.3075388e-07
-0.0074310662,-4.1125865e-07
-0.0074181985,-4.262251e-07
-0.0074053309,-4.299772e-07
-0.0073924632,-4.2078682e-07
-0.0073795956,-4.1472342e-07
-0.0073667279,-4.3303485e-07
-0.0073538603,-4.3026013e-07
-0.0073409926,-4.1058296e-07
-0.007328125,-4.3183226e-07
-0.0073152574,-4.3128799e-07
-0.0073023897,-4.2447679e-07
-0.0072895221,-4.1613673e-07
-0.0072766544,-4.2691369e-07
-0.0072637868,-4.2637664e-07
-0.0072509191,-4.0781977e-07
-0.0072380515,-4.2303019e-07
-0.0072251838,-4.2928127e-07
-0.0072123162,-4.2183194e-07
-0.0071994485,-4.1357851e-07
-0.0071865809,-4.2913543e-07
-0.0071737132,-4.2835296e-07
-0.0071608456,-4.1704183e-07
-0.0071479779,-4.3398612e-07
-0.0071351103,-4.3210214e-07
-0.0071222426,-4.1999558e-07
-0.007109375,-4.1323633e-07
-0.0070965074,-4.2931152e-07
-0.0070836397,-4.2896503e-07
-0.0070707721,-4.1548985e-07
-0.0070579044,-4.2754445e-07
-0.0070450368,-4.2918589e-07
-0.0070321691,-4.2148683e-07
-0.0070193015,-3.4324312e-07
-0.0070064338,-3.4398516e-07
-0.0069935662,-3.5337186e-07
-0.0069806985,-3.466285e-07
-0.0069678309,-3.4452073e-07
-0.0069549632,-3.455342e-07
-0.0069420956,-3.4524112e-07
-0.0069292279,-3.4487443e-07
-0.0069163603,-3.4130279e-07
-0.0069034926,-3.4317809e-07
-0.006890625,-3.4113242e-07
-0.0068777574,-3.4689697e-07
-0.0068648897,-3.4894695e-07
-0.0068520221,-3.4447159e-07
-0.0068391544,-3.4365447e-07
-0.0068262868,-3.4671072e-07
-0.0068134191,-3.4976549e-07
-0.0068005515,-3.4680887e-07
-0.0067876838,-3.4432431e-07
-0.0067748162,-3.4685072e-07
-0.0067619485,-3.4680742e-07
-0.0067490809,-3.4511397e-07
-0.0067362132,-3.5120481e-07
-0.0067233456,-3.4623715e-07
-0.0067104779,-3.4761871e-07
-0.0066976103,-3.4477902e-07
-0.0066847426,-3.4581701e-07
-0.006671875,-3.4809224e-07
-0.0066590074,-3.4630639e-07
-0.0066461397,-3.4526119e-07
-0.0066332721,-3.406631e-07
-0.0066204044,-3.46585e-07
-0.0066075368,-3.4181081e-07
-0.0065946691,-3.4166934e-07
-0.0065818015,-3.4163035e-07
-0.0065689338,-3.3985031e-07
-0.0065560662,-3.4293685e-07
-0.0065431985,-3.4721009e-07
-0.0065303309,-3.4290219e-07
-0.0065174632,-3.409417e-07
-0.0065045956,-3.4341613e-07
-0.0064917279,-3.3940995e-07
-0.0064788603,-3.4118566e-07
-0.0064659926,-3.4741795e-07
-0.006453125,-3.5079321e-07
-0.0064402574,-3.4962673e-07
-0.0064273897,-3.4100228e-07
-0.0064145221,-3.3930307e-07
-0.0064016544,-3.4053018e-07
-0.0063887868,-3.385798e-07
-0.0063759191,-3.4374955e-07
-0.0063630515,-3.4168222e-07
-0.0063501838,-3.4336553e-07
-0.0063373162,-3.3919476e-07
-0.0063244485,-3.4008118e-07
-0.0063115809,-3.4379716e-07
-0.0062987132,-3.4319804e-07
-0.0062858456,-3.449333e-07
-0.0062729779,-3.7480993e-07
-0.0062601103,-4.4538922e-07
-0.0062472426,-4.4542964e-07
-0.006234375,-4.430115e-07
-0.0062215074,-3.9638115e-07
-0.0062086397,-3.4752176e-07
-0.0061957721,-3.4151322e-07
-0.0061829044,-3.4014464e-07
-0.0061700368,-3.4304062e-07
-0.0061571691,-3.4063112e-07
-0.0061443015,-3.4456943e-07
-0.0061314338,-3.4668296e-07
-0.0061185662,-3.7263137e-07
-0.0061056985,-4.4923794e-07
-0.0060928309,-4.4379678e-07
-0.0060799632,-4.4656427e-07
-0.0060670956,-4.0193196e-07
-0.0060542279,-3.4377973e-07
-0.0060413603,-3.454125e-07
-0.0060284926,-3.4730801e-07
-0.006015625,-3.4715786e-07
-0.0060027574,-3.4137454e-07
-0.0059898897,-3.4079562e-07
-0.0059770221,-3.4405685e-07
-0.0059641544,-3.4705966e-07
-0.0059512868,-3.4523343e-07
-0.0059384191,-3.4748842e-07
-0.0059255515,-3.4484364e-07
-0.0059126838,-3.4131674e-07
-0.0058998162,-3.4685176e-07
-0.0058869485,-3.465096e-07
-0.0058740809,-4.0514547e-07
-0.0058612132,-4.4939663e-07
-0.0058483456,-4.4891301e-07
-0.0058354779,-4.4720081e-07
-0.0058226103,-3.6921409e-07
-0.0058097426,-3.4708703e-07
-0.005796875,-3.4429642e-07
-0.0057840074,-3.4480893e-07
-0.0057711397,-4.3277427e-07
-0.0057582721,-4.5005345e-07
-0.0057454044,-4.4737113e-07
-0.0057325368,-4.452446e-07
-0.0057196691,-3.4441333e-07
-0.0057068015,-3.4411016e-07
-0.0056939338,-3.4628574e-07
-0.0056810662,-3.4860282e-07
-0.0056681985,-4.4890137e-07
-0.0056553309,-4.4942541e-07
-0.0056424632,-4.4529364e-07
-0.0056295956,-4.2051461e-07
-0.0056167279,-3.4413465e-07
-0.0056038603,-3.4227954e-07
-0.0055909926,-3.3911357e-07
-0.005578125,-3.7237704e-07
-0.0055652574,-4.529147e-07
-0.0055523897,-4.5140032e-07
-0.0055395221,-4.4895185e-07
-0.0055266544,-3.9979074e-07
-0.0055137868,-3.5051847e-07
-0.0055009191,-3.4893335e-07
-0.0054880515,-3.4428473e-07
-0.0054751838,-3.9956985e-07
-0.0054623162,-4.5453735e-07
-0.0054494485,-4.5483763e-07
-0.0054365809,-4.4786761e-07
-0.0054237132,-3.7200451e-07
-0.0054108456,-3.4310234e-07
-0.0053979779,-3.4683997e-07
-0.0053851103,-3.4883367e-07
-0.0053722426,-4.2735456e-07
-0.005359375,-4.5126595e-07
-0.0053465074,-4.4737528e-07
-0.0053336397,-4.4893877e-07
-0.0053207721,-3.554052e-07
-0.0053079044,-3.4723982e-07
-0.0052950368,-3.4434383e-07
-0.0052821691,-3.4314557e-07
-0.0052693015,-4.490441e-07
-0.0052564338,-4.5063936e-07
-0.0052435662,-4.5500065e-07
-0.0052306985,-4.2993288e-07
-0.0052178309,-3.5396439e-07
-0.0052049632,-3.5109005e-07
-0.0051920956,-3.4958862e-07
-0.0051792279,-3.6472688e-07
-0.0051663603,-4.5161234e-07
-0.0051534926,-4.5534133e-07
-0.005140625,-4.5351507e-07
-0.0051277574,-4.1070755e-07
-0.0051148897,-3.4391643e-07
-0.0051020221,-3.4640964e-07
-0.0050891544,-3.5004189e-07
-0.0050762868,-3.8768687e-07
-0.0050634191,-4.4813306e-07
-0.0050505515,-4.5488075e-07
-0.0050376838,-4.5512328e-07
-0.0050248162,-3.8626627e-07
-0.0050119485,-3.4542502e-07
-0.0049990809,-3.4889557e-07
-0.0049862132,-3.4794564e-07
-0.0049733456,-4.145173e-07
-0.0049604779,-4.4620573e-07
-0.0049476103,-4.4849104e-07
-0.0049347426,-4.503606e-07
-0.004921875,-3.6341879e-07
-0.0049090074,-3.4493701e-07
-0.0048961397,-3.4405637e-07
-0.0048832721,-3.4173495e-07
-0.0048704044,-4.3765632e-07
-0.0048575368,-4.5234271e-07
-0.0048446691,-4.5023061e-07
-0.0048318015,-4.3038456e-07
-0.0048189338,-3.4196591e-07
-0.0048060662,-3.4278011e-07
-0.0047931985,-3.4561402e-07
-0.0047803309,-3.5525913e-07
-0.0047674632,-4.5022335e-07
-0.0047545956,-4.5089322e-07
-0.0047417279,-4.5596335e-07
-0.0047288603,-4.1983422e-07
-0.0047159926,-3.4808842e-07
-0.004703125,-3.5239776e-07
-0.0046902574,-3.5106382e-07
-0.0046773897,-3.8610009e-07
-0.0046645221,-4.5153705e-07
-0.0046516544,-4.4908136e-07
-0.0046387868,-4.4955201e-07
-0.0046259191,-3.9385686e-07
-0.0046130515,-3.5041846e-07
-0.0046001838,-3.5718636e-07
-0.0045873162,-3.5327113e-07
-0.0045744485,-4.121784e-07
-0.0045615809,-4.5044415e-07
-0.0045487132,-4.5347439e-07
-0.0045358456,-4.5471304e-07
-0.0045229779,-3.7207193e-07
-0.0045101103,-3.469435e-07
-0.0044972426,-3.447217e-07
-0.004484375,-3.4482854e-07
-0.0044715074,-3.4408504e-07
-0.0044586397,-3.4641656e-07
-0.0044457721,-3.489646e-07
-0.0044329044,-3.4814027e-07
-0.0044200368,-3.4656233e-07
-0.0044071691,-3.4680199e-07
-0.0043943015,-3.4983368e-07
-0.0043814338,-3.5282493e-07
-0.0043685662,-3.4972393e-07
-0.0043556985,-3.4583471e-07
-0.0043428309,-3.4945686e-07
-0.0043299632,-3.5350489e-07
-0.0043170956,-3.5348611e-07
-0.0043042279,-3.5313241e-07
-0.0042913603,-3.4546367e-07
-0.0042784926,-3.5007038e-07
-0.004265625,-3.4747901e-07
-0.0042527574,-3.436013e-07
-0.0042398897,-3.4404883e-07
-0.0042270221,-3.4997363e-07
-0.0042141544,-3.4750785e-07
-0.0042012868,-3.5074887e-07
-0.0041884191,-3.5177385e-07
-0.0041755515,-3.5000682e-07
-0.0041626838,-3.4621284e-07
-0.0041498162,-3.4816758e-07
-0.0041369485,-3.4489622e-07
-0.0041240809,-3.4683794e-07
-0.0041112132,-3.5105488e-07
-0.0040983456,-3.5247111e-07
-0.0040854779,-3.4891681e-07
-0.0040726103,-3.5065785e-07
-0.0040597426,-3.5426411e-07
-0.004046875,-3.5468999e-07
-0.0040340074,-3.5137534e-07
-0.0040211397,-3.4555882e-07
-0.0040082721,-3.4581434e-07
-0.0039954044,-3.4752652e-07
-0.0039825368,-3.4781524e-07
-0.0039696691,-3.4333266e-07
-0.0039568015,-3.4192076e-07
-0.0039439338,-3.452585e-07
-0.0039310662,-3.4609436e-07
-0.0039181985,-3.4583161e-07
-0.0039053309,-3.4537687e-07
-0.0038924632,-3.4914337e-07
-0.0038795956,-3.4535084e-07
-0.0038667279,-3.461362e-07
-0.0038538603,-3.4381046e-07
-0.0038409926,-3.4804905e-07
-0.003828125,-3.5079633e-07
-0.0038152574,-3.4759139e-07
-0.0038023897,-3.5167841e-07
-0.0037895221,-3.4793641e-07
-0.0037766544,-3.4934543e-07
-0.0037637868,-3.4511117e-07
-0.0037509191,-3.4659092e-07
-0.0037380515,-3.4387103e-07
-0.0037251838,-3.4526995e-07
-0.0037123162,-3.4608705e-07
-0.0036994485,-3.4189176e-07
-0.0036865809,-3.4553699e-07
-0.0036737132,-3.4491189e-07
-0.0036608456,-3.4592533e-07
-0.0036479779,-3.4447589e-07
-0.0036351103,-3.4488588e-07
-0.0036222426,-3.4420737e-07
-0.003609375,-3.4491042e-07
-0.0035965074,-3.4748014e-07
-0.0035836397,-3.5064752e-07
-0.0035707721,-3.532158e-07
-0.0035579044,-3.4589207e-07
-0.0035450368,-3.4761725e-07
-0.0035321691,-3.5214458e-07
-0.0035193015,-3.4972212e-07
-0.0035064338,-3.5238421e-07
-0.0034935662,-3.5037318e-07
-0.0034806985,-3.4625875e-07
-0.0034678309,-3.461389e-07
-0.0034549632,-3.4643918e-07
-0.0034420956,-3.468766e-07
-0.0034292279,-3.4500416e-07
-0.0034163603,-3.4571732e-07
-0.0034034926,-3.4930196e-07
-0.003390625,-3.4494784e-07
-0.0033777574,-3.4517162e-07
-0.0033648897,-3.4781927e-07
-0.0033520221,-3.4710322e-07
-0.0033391544,-3.4158987e-07
-0.0033262868,-3.4239541e-07
-0.0033134191,-3.448583e-07
-0.0033005515,-3.4992123e-07
-0.0032876838,-3.5087837e-07
-0.0032748162,-3.4375965e-07
-0.0032619485,-3.4649974e-07
-0.0032490809,-3.5307707e-07
-0.0032362132,-3.4811083e-07
-0.0032233456,-3.4641455e-07
-0.0032104779,-3.448467e-07
-0.0031976103,-3.4844432e-07
-0.0031847426,-3.4491165e-07
-0.003171875,-3.4954869e-07
-0.0031590074,-3.5336141e-07
-0.0031461397,-3.4943897e-07
-0.0031332721,-3.4620515e-07
-0.0031204044,-3.4521912e-07
-0.0031075368,-3.4264219e-07
-0.0030946691,-3.4507908e-07
-0.0030818015,-3.4669599e-07
-0.0030689338,-3.4375955e-07
-0.0030560662,-3.4232313e-07
-0.0030431985,-3.4500688e-07
-0.0030303309,-3.4631051e-07
-0.0030174632,-3.4633214e-07
-0.0030045956,-3.5040617e-07
-0.0029917279,-3.5332236e-07
-0.0029788603,-3.4889896e-07
-0.0029659926,-3.4929019e-07
-0.002953125,-3.4500539e-07
-0.0029402574,-3.4973051e-07
-0.0029273897,-3.4679987e-07
-0.0029145221,-3.4580227e-07
-0.0029016544,-3.4783207e-07
-0.0028887868,-3.488224e-07
-0.0028759191,-3.4252371e-07
-0.0028630515,-3.5097778e-07
-0.0028501838,-3.4799228e-07
-0.0028373162,-3.4646488e-07
-0.0028244485,-3.4343462e-07
-0.0028115809,-3.4905192e-07
-0.0027987132,-3.4648798e-07
-0.0027858456,-3.4339419e-07
-0.0027729779,-3.4366125e-07
-0.0027601103,-3.4384606e-07
-0.0027472426,-3.4174405e-07
-0.002734375,-3.4530558e-07
-0.0027215074,-3.4599132e-07
-0.0027086397,-3.4603029e-07
-0.0026957721,-3.4570979e-07
-0.0026829044,-3.4498217e-07
-0.0026700368,-3.5008839e-07
-0.0026571691,-3.4985596e-07
-0.0026443015,-3.4470786e-07
-0.0026314338,-3.4680115e-07
-0.0026185662,-3.4676796e-07
-0.0026056985,-3.4578626e-07
-0.0025928309,-3.4853498e-07
-0.0025799632,-3.4920338e-07
-0.0025670956,-3.4392679e-07
-0.0025542279,-3.4515245e-07
-0.0025413603,-3.4395855e-07
-0.0025284926,-3.4983281e-07
-0.002515625,-3.4485072e-07
-0.0025027574,-3.4463705e-07
-0.0024898897,-3.43703e-07
-0.0024770221,-3.4420249e-07
-0.0024641544,-3.4188829e-07
-0.0024512868,-3.449041e-07
-0.0024384191,-3.4416784e-07
-0.0024255515,-3.5265656e-07
-0.0024126838,-3.4733088e-07
-0.0023998162,-3.4530831e-07
-0.0023869485,-3.460489e-07
-0.0023740809,-3.4717063e-07
-0.0023612132,-3.5020374e-07
-0.0023483456,-3.5055024e-07
-0.0023354779,-3.4766578e-07
-0.0023226103,-3.4360185e-07
-0.0023097426,-3.43765e-07
-0.002296875,-3.449488e-07
-0.0022840074,-3.442255e-07
-0.0022711397,-3.4137282e-07
-0.0022582721,-3.4318894e-07
-0.0022454044,-3.4214661e-07
-0.0022325368,-3.4500505e-07
-0.0022196691,-3.491787e-07
-0.0022068015,-3.4850448e-07
-0.0021939338,-3.4799199e-07
-0.0021810662,-3.4755166e-07
-0.0021681985,-3.4463256e-07
-0.0021553309,-3.4852179e-07
-0.0021424632,-3.4617439e-07
-0.0021295956,-3.4552761e-07
-0.0021167279,-3.4639382e-07
-0.0021038603,-3.4203107e-07
-0.0020909926,-3.4585533e-07
-0.002078125,-3.4905445e-07
-0.0020652574,-3.4855495e-07
-0.0020523897,-3.4825178e-07
-0.0020395221,-3.4565606e-07
-0.0020266544,-3.4335198e-07
-0.0020137868,-3.4032894e-07
-0.0020009191,-3.4479851e-07
-0.0019880515,-3.4662041e-07
-0.0019751838,-3.45913e-07
-0.0019623162,-3.4504103e-07
-0.0019494485,-3.4513198e-07
-0.0019365809,-3.4611944e-07
-0.0019237132,-3.4579172e-07
-0.0019108456,-3.5020931e-07
-0.0018979779,-3.5162844e-07
-0.0018851103,-3.4555638e-07
-0.0018722426,-3.4346739e-07
-0.001859375,-3.4210023e-07
-0.0018465074,-3.4274987e-07
-0.0018336397,-3.443177e-07
-0.0018207721,-3.4340674e-07
-0.0018079044,-3.3988131e-07
-0.0017950368,-3.4056992e-07
-0.0017821691,-3.4660297e-07
-0.0017693015,-3.4566748e-07
-0.0017564338,-3.4711259e-07
-0.0017435662,-3.4476664e-07
-0.0017306985,-3.4070993e-07
-0.0017178309,-3.4443457e-07
-0.0017049632,-3.5036946e-07
-0.0016920956,-3.511173e-07
-0.0016792279,-3.4862407e-07
-0.0016663603,-3.4763949e-07
-0.0016534926,-3.4378778e-07
-0.001640625,-3.4793688e-07
-0.0016277574,-3.4846379e-07
-0.0016148897,-3.4103903e-07
-0.0016020221,-3.4358275e-07
-0.0015891544,-3.4361163e-07
-0.0015762868,-3.4030275e-07
-0.0015634191,-3.4399997e-07
-0.0015505515,-3.4183302e-07
-0.0015376838,-3.4215496e-07
-0.0015248162,-3.4076901e-07
-0.0015119485,-3.4255771e-07
-0.0014990809,-3.4162798e-07
-0.0014862132,-3.4698398e-07
-0.0014733456,-3.4555042e-07
-0.0014604779,-3.4162076e-07
-0.0014476103,-3.3907412e-07
-0.0014347426,-3.3847355e-07
-0.001421875,-3.4237432e-07
-0.0014090074,-3.4782126e-07
-0.0013961397,-3.4860952e-07
-0.0013832721,-3.4518223e-07
-0.0013704044,-3.4007745e-07
-0.0013575368,-3.4220683e-07
-0.0013446691,-3.465465e-07
-0.0013318015,-3.3848218e-07
-0.0013189338,-4.1185783e-07
-0.0013060662,-4.4675262e-07
-0.0012931985,-4.4923572e-07
-0.0012803309,-4.4917508e-07
-0.0012674632,-4.5296327e-07
-0.0012545956,-4.5151238e-07
-0.0012417279,-4.4329359e-07
-0.0012288603,-4.4308424e-07
-0.0012159926,-3.4184729e-07
-0.001203125,-3.413218e-07
-0.0011902574,-3.4071401e-07
-0.0011773897,-3.454983e-07
-0.0011645221,-3.4452094e-07
-0.0011516544,-3.4252722e-07
-0.0011387868,-3.3972508e-07
-0.0011259191,-3.4288092e-07
-0.0011130515,-3.4291699e-07
-0.0011001838,-3.4910887e-07
-0.0010873162,-3.4742989e-07
-0.0010744485,-3.4552135e-07
-0.0010615809,-3.4548958e-07
-0.0010487132,-3.4376729e-07
-0.0010358456,-4.0625629e-07
-0.0010229779,-4.4569429e-07
-0.0010101103,-4.4522511e-07
-0.00099724265,-4.4479776e-07
-0.000984375,-4.4982026e-07
-0.00097150735,-4.4633093e-07
-0.00095863971,-4.4800267e-07
-0.00094577206,-4.4382182e-07
-0.00093290441,-3.5116023e-07
-0.00092003676,-3.4345829e-07
-0.00090716912,-3.4052043e-07
-0.00089430147,-3.4446739e-07
-0.00088143382,-3.4934698e-07
-0.00086856618,-3.4919106e-07
-0.00085569853,-3.495996e-07
-0.00084283088,-3.4418874e-07
-0.00082996324,-3.4464495e-07
-0.00081709559,-3.4613334e-07
-0.00080422794,-3.441382e-07
-0.00079136029,-3.407066e-07
-0.00077849265,-3.4593989e-07
-0.000765625,-3.4344811e-07
-0.00075275735,-3.4434607e-07
-0.00073988971,-3.7586559e-07
-0.00072702206,-4.5110502e-07
-0.00071415441,-4.4721145e-07
-0.00070128676,-4.4357774e-07
-0.00068841912,-4.4475287e-07
-0.00067555147,-4.5100105e-07
-0.00066268382,-4.4936826e-07
-0.00064981618,-4.5150777e-07
-0.00063694853,-4.3330458e-07
-0.00062408088,-4.5239704e-07
-0.00061121324,-4.4897987e-07
-0.00059834559,-4.4602615e-07
-0.00058547794,-4.4574606e-07
-0.00057261029,-4.4375379e-07
-0.00055974265,-4.4279087e-07
-0.000546875,-4.4632063e-07
-0.00053400735,-4.2766127e-07
-0.00052113971,-4.4665843e-07
-0.00050827206,-4.4758237e-07
-0.00049540441,-4.5016941e-07
-0.00048253676,-4.4430525e-07
-0.00046966912,-4.4659343e-07
-0.00045680147,-4.4453767e-07
-0.00044393382,-4.4321382e-07
-0.00043106618,-4.2521421e-07
-0.00041819853,-4.4727771e-07
-0.00040533088,-4.4971462e-07
-0.00039246324,-4.4179756e-07
-0.00037959559,-4.4568677e-07
-0.00036672794,-4.4642304e-07
-0.00035386029,-4.4846583e-07
-0.00034099265,-4.370652e-07
-0.000328125,-4.3975331e-07
-0.00031525735,-4.505649e-07
-0.00030238971,-4.5104419e-07
-0.00028952206,-4.4780025e-07
-0.00027665441,-4.4716361e-07
-0.00026378676,-4.4437011e-07
-0.00025091912,-4.503815e-07
-0.00023805147,-4.2826459e-07
-0.00022518382,-4.4765442e-07
-0.00021231618,-4.4271565e-07
-0.00019944853,-4.4436141e-07
-0.00018658088,-4.4668282e-07
-0.00017371324,-4.4106408e-07
-0.00016084559,-4.4126185e-07
-0.00014797794,-4.4253227e-07
-0.00013511029,-4.205135e-07
-0.00012224265,-4.426001e-07
-0.000109375,-4.5033815e-07
-9.6507353e-05,-4.4584977e-07
-8.3639706e-05,-4.4401055e-07
-7.0772059e-05,-4.4146246e-07
-5.7904412e-05,-4.450211e-07
-4.5036765e-05,-4.4394267e-07
-3.2169118e-05,-4.2480836e-07
-1.9301471e-05,-4.5070477e-07
-6.4338235e-06,-4.4787088e-07
6.4338235e-06,-4.4291187e-07
1.9301471e-05,-4.4801522e-07
3.2169118e-05,-4.467217e-07
4.5036765e-05,-4.450326e-07
5.7904412e-05,-4.4744641e-07
7.0772059e-05,-4.328885e-07
8.3639706e-05,-4.47943e-07
9.6507353e-05,-4.5125621e-07
0.000109375,-4.4419957e-07
0.00012224265,-4.4658162e-07
0.00013511029,-4.4803682e-07
0.00014797794,-4.4817973e-07
0.00016084559,-4.4798485e-07
0.00017371324,-4.2984087e-07
0.00018658088,-4.4901561e-07
0.00019944853,-4.4873265e-07
0.00021231618,-4.453588e-07
0.00022518382,-4.457168e-07
0.00023805147,-4.4406815e-07
0.00025091912,-4.4340116e-07
0.00026378676,-4.4816237e-07
0.00027665441,-4.3403033e-07
0.00028952206,-4.4832115e-07
0.00030238971,-4.4409121e-07
0.00031525735,-4.4359315e-07
0.000328125,-4.4388331e-07
0.00034099265,-4.4248585e-07
0.00035386029,-4.418333e-07
0.00036672794,-4.2605405e-07
0.00037959559,-4.4493284e-07
0.00039246324,-4.4702181e-07
0.00040533088,-4.4511904e-07
0.00041819853,-4.4809011e-07
0.00043106618,-4.468731e-07
0.00044393382,-4.4554636e-07
0.00045680147,-4.4859681e-07
0.00046966912,-4.210387e-07
0.00048253676,-3.495369e-07
0.00049540441,-3.4252792e-07
0.00050827206,-3.405934e-07
0.00052113971,-3.4078684e-07
0.00053400735,-3.4340708e-07
0.000546875,-3.4551049e-07
0.00055974265,-3.4745079e-07
0.00057261029,-3.4435411e-07
0.00058547794,-3.4495756e-07
0.00059834559,-3.3909772e-07
0.00061121324,-3.4070884e-07
0.00062408088,-3.3775223e-07
0.00063694853,-3.4190996e-07
0.00064981618,-3.394254e-07
0.00066268382,-3.4279636e-07
0.00067555147,-3.403739e-07
0.00068841912,-3.4336515e-07
0.00070128676,-3.4624959e-07
0.00071415441,-3.4678372e-07
0.00072702206,-3.4151725e-07
0.00073988971,-3.4046193e-07
0.00075275735,-3.3933728e-07
0.000765625,-3.426202e-07
0.00077849265,-3.4098741e-07
0.00079136029,-3.4238053e-07
0.00080422794,-3.4080981e-07
0.00081709559,-3.4171931e-07
0.00082996324,-3.4198205e-07
0.00084283088,-3.3991762e-07
0.00085569853,-3.3627379e-07
0.00086856618,-3.4292618e-07
0.00088143382,-3.4359606e-07
0.00089430147,-3.3799318e-07
0.00090716912,-3.3554326e-07
0.00092003676,-3.3839741e-07
0.00093290441,-3.3738537e-07
0.00094577206,-3.4489965e-07
0.00095863971,-3.4830236e-07
0.00097150735,-3.437346e-07
0.000984375,-3.4062061e-07
0.00099724265,-3.3868033e-07
0.0010101103,-3.4101617e-07
0.0010229779,-3.3999837e-07
0.0010358456,-3.4065523e-07
0.0010487132,-3.3833381e-07
0.0010615809,-3.4064655e-07
0.0010744485,-3.3770581e-07
0.0010873162,-3.3582615e-07
0.0011001838,-3.3933715e-07
0.0011130515,-3.4647171e-07
0.0011259191,-3.4201511e-07
0.0011387868,-3.3845504e-07
0.0011516544,-3.3873799e-07
0.0011645221,-3.3709798e-07
0.0011773897,-3.4093523e-07
0.0011902574,-3.4310506e-07
0.001203125,-3.382399e-07
0.0012159926,-3.4011087e-07
0.0012288603,-3.3922159e-07
0.0012417279,-3.4538314e-07
0.0012545956,-3.4074032e-07
0.0012674632,-3.3822978e-07
0.0012803309,-3.4018449e-07
0.0012931985,-3.4077493e-07
0.0013060662,-3.4473346e-07
0.0013189338,-3.4118348e-07
0.0013318015,-3.3755122e-07
0.0013446691,-3.3702861e-07
0.0013575368,-3.3936155e-07
0.0013704044,-3.398553e-07
0.0013832721,-3.4450822e-07
0.0013961397,-3.4564436e-07
0.0014090074,-3.4364632e-07
0.001421875,-3.4066659e-07
0.0014347426,-3.3913919e-07
0.0014476103,-3.4787336e-07
0.0014604779,-3.456328e-07
0.0014733456,-3.3887355e-07
0.0014862132,-3.3826866e-07
0.0014990809,-3.3545205e-07
0.0015119485,-3.4004145e-07
0.0015248162,-3.429461e-07
0.0015376838,-3.3791492e-07
0.0015505515,-3.3919402e-07
0.0015634191,-3.4429447e-07
0.0015762868,-3.3994181e-07
0.0015891544,-3.403778e-07
0.0016020221,-3.409538e-07
0.0016148897,-3.4206399e-07
0.0016277574,-3.4118045e-07
0.001640625,-3.3816608e-07
0.0016534926,-3.4286809e-07
0.0016663603,-3.4320734e-07
0.0016792279,-3.4049324e-07
0.0016920956,-3.4377612e-07
0.0017049632,-3.4760905e-07
0.0017178309,-3.4563557e-07
0.0017306985,-3.4538146e-07
0.0017435662,-3.412035e-07
0.0017564338,-3.3756112e-07
0.0017693015,-3.4276696e-07
0.0017821691,-3.4200038e-07
0.0017950368,-3.3919534e-07
0.0018079044,-3.4790208e-07
0.0018207721,-3.4267743e-07
0.0018336397,-3.4180114e-07
0.0018465074,-3.4267165e-07
0.001859375,-3.4222268e-07
0.0018722426,-3.4253595e-07
0.0018851103,-3.4153835e-07
0.0018979779,-3.3812699e-07
0.0019108456,-3.3898595e-07
0.0019237132,-3.4251426e-07
0.0019365809,-3.4239731e-07
0.0019494485,-3.37447e-07
0.0019623162,-3.3849363e-07
0.0019751838,-3.4122937e-07
0.0019880515,-3.4033284e-07
0.0020009191,-3.4089733e-07
0.0020137868,-3.3807495e-07
0.0020266544,-3.4559932e-07
0.0020395221,-3.5007034e-07
0.0020523897,-3.4736347e-07
0.0020652574,-3.4019856e-07
0.002078125,-3.4024185e-07
0.0020909926,-3.3697052e-07
0.0021038603,-3.3544022e-07
0.0021167279,-3.3223096e-07
0.0021295956,-3.3616348e-07
0.0021424632,-3.3778182e-07
0.0021553309,-3.3794783e-07
0.0021681985,-3.3927746e-07
0.0021810662,-3.3886456e-07
0.0021939338,-3.4135343e-07
0.0022068015,-3.3582419e-07
0.0022196691,-3.4178795e-07
0.0022325368,-3.3854692e-07
0.0022454044,-3.3835926e-07
0.0022582721,-3.4572338e-07
0.0022711397,-3.4242605e-07
0.0022840074,-3.4186589e-07
0.002296875,-3.4598034e-07
0.0023097426,-3.4437784e-07
0.0023226103,-3.4173162e-07
0.0023354779,-3.4451209e-07
0.0023483456,-3.4702551e-07
0.0023612132,-3.434308e-07
0.0023740809,-3.4594419e-07
0.0023869485,-3.4414249e-07
0.0023998162,-3.4206072e-07
0.0024126838,-3.3744967e-07
0.0024255515,-3.4301786e-07
0.0024384191,-3.4223829e-07
0.0024512868,-3.4532771e-07
0.0024641544,-3.4516313e-07
0.0024770221,-3.4160883e-07
0.0024898897,-3.433369e-07
0.0025027574,-3.4350289e-07
0.002515625,-3.4384217e-07
0.0025284926,-3.4255152e-07
0.0025413603,-3.4390712e-07
0.0025542279,-3.4176615e-07
0.0025670956,-3.4548503e-07
0.0025799632,-3.4399517e-07
0.0025928309,-3.4392008e-07
0.0026056985,-3.3854387e-07
0.0026185662,-3.4315203e-07
0.0026314338,-3.4661684e-07
0.0026443015,-3.4232193e-07
0.0026571691,-3.4376269e-07
0.0026700368,-3.463483e-07
0.0026829044,-3.4647243e-07
0.0026957721,-3.4491617e-07
0.0027086397,-3.4123915e-07
0.0027215074,-3.4643055e-07
0.002734375,-3.4117993e-07
0.0027472426,-3.4305671e-07
0.0027601103,-3.4382183e-07
0.0027729779,-3.4184113e-07
0.0027858456,-3.3908516e-07
0.0027987132,-3.4439929e-07
0.0028115809,-3.4502006e-07
0.0028244485,-3.4729525e-07
0.0028373162,-3.4879089e-07
0.0028501838,-3.4306677e-07
0.0028630515,-3.3900716e-07
0.0028759191,-3.4021983e-07
0.0028887868,-3.4211392e-07
0.0029016544,-3.3987623e-07
0.0029145221,-3.4021116e-07
0.0029273897,-3.3805577e-07
0.0029402574,-3.381857e-07
0.002953125,-3.4058216e-07
0.0029659926,-3.4259318e-07
0.0029788603,-3.4492035e-07
0.0029917279,-3.4181503e-07
0.0030045956,-3.3454184e-07
0.0030174632,-3.4061102e-07
0.0030303309,-3.4103831e-07
0.0030431985,-3.4027605e-07
0.0030560662,-3.428169e-07
0.0030689338,-3.3651098e-07
0.0030818015,-3.3803837e-07
0.0030946691,-3.3746233e-07
0.0031075368,-3.37266e-07
0.0031204044,-3.3869667e-07
0.0031332721,-3.3522897e-07
0.0031461397,-3.3696858e-07
0.0031590074,-3.3709561e-07
0.003171875,-3.384411e-07
0.0031847426,-3.4058782e-07
0.0031976103,-3.4286881e-07
0.0032104779,-3.3729481e-07
0.0032233456,-3.3872116e-07
0.0032362132,-3.3676644e-07
0.0032490809,-3.3446377e-07
0.0032619485,-3.4258872e-07
0.0032748162,-3.4362237e-07
0.0032876838,-3.3718219e-07
0.0033005515,-3.3742182e-07
0.0033134191,-3.3456337e-07
0.0033262868,-3.3444497e-07
0.0033391544,-3.3580345e-07
0.0033520221,-3.3699015e-07
0.0033648897,-3.3622066e-07
0.0033777574,-3.3616579e-07
0.003390625,-3.3500943e-07
0.0034034926,-3.3513068e-07
0.0034163603,-3.3425149e-07
0.0034292279,-3.368111e-07
0.0034420956,-3.3571534e-07
0.0034549632,-3.3856081e-07
0.0034678309,-3.4076671e-07
0.0034806985,-3.42502e-07
0.0034935662,-3.394313e-07
0.0035064338,-3.3785339e-07
0.0035193015,-3.3945152e-07
0.0035321691,-3.3615129e-07
0.0035450368,-3.39375e-07
0.0035579044,-3.3776673e-07
0.0035707721,-3.4085905e-07
0.0035836397,-3.4071035e-07
0.0035965074,-3.4047793e-07
0.003609375,-3.3897795e-07
0.0036222426,-3.4072043e-07
0.0036351103,-3.4089802e-07
0.0036479779,-3.4320931e-07
0.0036608456,-3.4281229e-07
0.0036737132,-3.4013284e-07
0.0036865809,-3.3766417e-07
0.0036994485,-3.4331611e-07
0.0037123162,-3.3926807e-07
0.0037251838,-3.3569644e-07
0.0037380515,-3.3596639e-07
0.0037509191,-3.378013e-07
0.0037637868,-3.3758764e-07
0.0037766544,-3.4418083e-07
0.0037895221,-3.4484781e-07
0.0038023897,-3.4007217e-07
0.0038152574,-3.4226363e-07
0.003828125,-3.3766699e-07
0.0038409926,-3.3940806e-07
0.0038538603,-3.4310093e-07
0.0038667279,-3.413873e-07
0.0038795956,-3.3575268e-07
0.0038924632,-3.4067413e-07
0.0039053309,-3.3748363e-07
0.0039181985,-3.3783731e-07
0.0039310662,-3.3657844e-07
0.0039439338,-3.3492686e-07
0.0039568015,-3.4296231e-07
0.0039696691,-3.39203e-07
0.0039825368,-3.3638494e-07
0.0039954044,-3.3775931e-07
0.0040082721,-3.4052537e-07
0.0040211397,-3.4600986e-07
0.0040340074,-3.4555219e-07
0.004046875,-3.4396416e-07
0.0040597426,-3.4514506e-07
0.0040726103,-3.4785192e-07
0.0040854779,-3.4574995e-07
0.0040983456,-3.4146515e-07
0.0041112132,-3.4512627e-07
0.0041240809,-3.4362488e-07
0.0041369485,-3.5434117e-07
0.0041498162,-3.5007804e-07
0.0041626838,-3.4934175e-07
0.0041755515,-3.4766854e-07
0.0041884191,-3.5049523e-07
0.0042012868,-3.4516523e-07
0.0042141544,-3.4411855e-07
0.0042270221,-3.435512e-07
0.0042398897,-3.443683e-07
0.0042527574,-3.4596498e-07
0.004265625,-3.489707e-07
0.0042784926,-3.4274848e-07
0.0042913603,-3.4304877e-07
0.0043042279,-3.3931399e-07
0.0043170956,-3.4559394e-07
0.0043299632,-3.4697118e-07
0.0043428309,-3.4078941e-07
0.0043556985,-3.4308339e-07
0.0043685662,-3.448201e-07
0.0043814338,-3.4553037e-07
0.0043943015,-3.4582488e-07
0.0044071691,-3.5114188e-07
0.0044200368,-3.4834695e-07
0.0044329044,-3.4595914e-07
0.0044457721,-3.4193707e-07
0.0044586397,-3.4275707e-07
0.0044715074,-3.4631426e-07
0.004484375,-3.4670549e-07
0.0044972426,-3.4504237e-07
0.0045101103,-3.4352508e-07
0.0045229779,-3.470375e-07
0.0045358456,-3.4502357e-07
0.0045487132,-3.4547256e-07
0.0045615809,-3.5147676e-07
0.0045744485,-3.4511741e-07
0.0045873162,-3.4520402e-07
0.0046001838,-3.47677e-07
0.0046130515,-3.492506e-07
0.0046259191,-3.435279e-07
0.0046387868,-3.4032296e-07
0.0046516544,-3.4055972e-07
0.0046645221,-3.4247833e-07
0.0046773897,-3.4501486e-07
0.0046902574,-3.4087297e-07
0.004703125,-3.4446335e-07
0.0047159926,-3.439263e-07
0.0047288603,-3.4313374e-07
0.0047417279,-3.3925316e-07
0.0047545956,-3.3996056e-07
0.0047674632,-3.4583772e-07
0.0047803309,-3.4503936e-07
0.0047931985,-3.4301676e-07
0.0048060662,-3.4586224e-07
0.0048189338,-3.4471307e-07
0.0048318015,-3.4230647e-07
0.0048446691,-3.4378045e-07
0.0048575368,-3.4595171e-07
0.0048704044,-3.4422652e-07
0.0048832721,-3.4565142e-07
0.0048961397,-3.4602966e-07
0.0049090074,-3.4644832e-07
0.004921875,-3.4295609e-07
0.0049347426,-3.4646419e-07
0.0049476103,-3.4832795e-07
0.0049604779,-3.5033606e-07
0.0049733456,-3.4406334e-07
0.0049862132,-3.4659552e-07
0.0049990809,-3.4237857e-07
0.0050119485,-3.4142864e-07
0.0050248162,-3.4069957e-07
0.0050376838,-3.3654037e-07
0.0050505515,-3.3944647e-07
0.0050634191,-3.4118319e-07
0.0050762868,-3.3687964e-07
0.0050891544,-3.4298633e-07
0.0051020221,-3.4141126e-07
0.0051148897,-3.4055518e-07
0.0051277574,-3.3723618e-07
0.005140625,-3.3396195e-07
0.0051534926,-3.3646816e-07
0.0051663603,-3.4083522e-07
0.0051792279,-3.409565e-07
0.0051920956,-3.3943196e-07
0.0052049632,-3.3992281e-07
0.0052178309,-3.4223123e-07
0.0052306985,-3.3710621e-07
0.0052435662,-3.4092615e-07
0.0052564338,-3.4623448e-07
0.0052693015,-3.4483412e-07
0.0052821691,-3.4641494e-07
0.0052950368,-3.4843894e-07
0.0053079044,-3.4186305e-07
0.0053207721,-3.3856571e-07
0.0053336397,-3.4361276e-07
0.0053465074,-3.4035151e-07
0.005359375,-3.3795648e-07
0.0053722426,-3.3922978e-07
0.0053851103,-3.4281294e-07
0.0053979779,-3.4126533e-07
0.0054108456,-3.4186443e-07
0.0054237132,-3.3778897e-07
0.0054365809,-3.3635831e-07
0.0054494485,-3.3613452e-07
0.0054623162,-3.4039764e-07
0.0054751838,-3.3825525e-07
0.0054880515,-3.3871867e-07
0.0055009191,-3.3878362e-07
0.0055137868,-3.3658058e-07
0.0055266544,-3.3522353e-07
0.0055395221,-3.3203303e-07
0.0055523897,-3.3560465e-07
0.0055652574,-3.3513112e-07
0.005578125,-3.3886444e-07
0.0055909926,-3.4308569e-07
0.0056038603,-3.4234654e-07
0.0056167279,-3.4250388e-07
0.0056295956,-3.4184269e-07
0.0056424632,-3.4227866e-07
0.0056553309,-3.3990818e-07
0.0056681985,-3.3807615e-07
0.0056810662,-3.4078591e-07
0.0056939338,-3.3802128e-07
0.0057068015,-3.3867092e-07
0.0057196691,-3.412955e-07
0.0057325368,-3.3866659e-07
0.0057454044,-3.3675515e-07
0.0057582721,-3.420967e-07
0.0057711397,-3.3934654e-07
0.0057840074,-3.4115255e-07
0.005796875,-3.386781e-07
0.0058097426,-3.420577e-07
0.0058226103,-3.4234065e-07
0.0058354779,-3.3736291e-07
0.0058483456,-3.3781476e-07
0.0058612132,-3.3795622e-07
0.0058740809,-3.4110629e-07
0.0058869485,-3.3901298e-07
0.0058998162,-3.4382038e-07
0.0059126838,-3.4100956e-07
0.0059255515,-3.4508357e-07
0.0059384191,-3.4739775e-07
0.0059512868,-3.4249362e-07
0.0059641544,-3.3993545e-07
0.0059770221,-3.4114235e-07
0.0059898897,-3.4430396e-07
0.0060027574,-3.4265963e-07
0.006015625,-3.4194355e-07
0.0060284926,-3.402718e-07
0.0060413603,-3.4267693e-07
0.0060542279,-3.381929e-07
0.0060670956,-3.3604761e-07
0.0060799632,-3.3784643e-07
0.0060928309,-3.4205179e-07
0.0061056985,-3.4042767e-07
0.0061185662,-3.4246756e-07
0.0061314338,-3.4030351e-07
0.0061443015,-3.3725736e-07
0.0061571691,-3.3688058e-07
0.0061700368,-3.3818276e-07
0.0061829044,-3.3832277e-07
0.0061957721,-3.4533322e-07
0.0062086397,-3.4498239e-07
0.0062215074,-3.3840072e-07
0.006234375,-3.392828e-07
0.0062472426,-3.3775539e-07
0.0062601103,-3.4548477e-07
0.0062729779,-3.4386351e-07
0.0062858456,-3.4064127e-07
0.0062987132,-3.4081447e-07
0.0063115809,-3.4429804e-07
0.0063244485,-3.4783502e-07
0.0063373162,-3.4110175e-07
0.0063501838,-3.4033227e-07
0.0063630515,-3.41236e-07
0.0063759191,-3.4005941e-07
0.0063887868,-3.3740019e-07
0.0064016544,-3.4667284e-07
0.0064145221,-3.4803419e-07
0.0064273897,-3.48206e-07
0.0064402574,-3.535201e-07
0.006453125,-3.5247777e-07
0.0064659926,-3.4716798e-07
0.0064788603,-3.5007118e-07
0.0064917279,-3.4621515e-07
0.0065045956,-3.5046383e-07
0.0065174632,-3.519277e-07
0.0065303309,-3.5285886e-07
0.0065431985,-3.4634649e-07
0.0065560662,-3.4652694e-07
0.0065689338,-3.5347964e-07
0.0065818015,-3.5223517e-07
0.0065946691,-3.5292671e-07
0.0066075368,-3.4619634e-07
0.0066204044,-3.4493743e-07
0.0066332721,-3.4539364e-07
0.0066461397,-3.4360927e-07
0.0066590074,-3.408071e-07
0.006671875,-3.3938076e-07
0.0066847426,-3.3700735e-07
0.0066976103,-3.3911367e-07
0.0067104779,-3.4346776e-07
0.0067233456,-3.433075e-07
0.0067362132,-3.3683554e-07
0.0067490809,-3.4007224e-07
0.0067619485,-3.3850874e-07
0.0067748162,-3.3798323e-07
0.0067876838,-3.3490824e-07
0.0068005515,-3.375559e-07
0.0068134191,-3.384885e-07
0.0068262868,-3.3731481e-07
0.0068391544,-3.3857367e-07
0.0068520221,-3.3731334e-07
0.0068648897,-3.4477709e-07
0.0068777574,-3.4297971e-07
0.006890625,-3.3865737e-07
0.0069034926,-3.4002165e-07
0.0069163603,-3.4143353e-07
0.0069292279,-3.4481603e-07
0.0069420956,-3.4556239e-07
0.0069549632,-3.4520147e-07
0.0069678309,-3.3715015e-07
0.0069806985,-3.3801636e-07
0.0069935662,-3.3930842e-07
0.0070064338,-3.4139452e-07
0.0070193015,-3.3770883e-07
0.0070321691,-3.3782431e-07
0.0070450368,-3.3846674e-07
0.0070579044,-3.4081415e-07
0.0070707721,-3.4159948e-07
0.0070836397,-3.3977469e-07
0.0070965074,-3.4165576e-07
0.007109375,-3.4547426e-07
0.0071222426,-3.4561717e-07
0.0071351103,-3.4581351e-07
0.0071479779,-3.4105231e-07
0.0071608456,-3.4494152e-07
0.0071737132,-3.4565036e-07
0.0071865809,-3.3850421e-07
0.0071994485,-3.4159798e-07
0.0072123162,-3.4378512e-07
0.0072251838,-3.4091368e-07
0.0072380515,-3.3772318e-07
0.0072509191,-3.3337629e-07
0.0072637868,-3.3682521e-07
0.0072766544,-3.3722798e-07
0.0072895221,-3.388723e-07
0.0073023897,-3.4319897e-07
0.0073152574,-3.3762497e-07
0.007328125,-3.3786749e-07
0.0073409926,-3.3745317e-07
0.0073538603,-3.354912e-07
0.0073667279,-3.3948295e-07
0.0073795956,-3.3487764e-07
0.0073924632,-3.3495271e-07
0.0074053309,-3.3926637e-07
0.0074181985,-3.3974565e-07
0.0074310662,-3.4253337e-07
0.0074439338,-3.4307185e-07
0.0074568015,-3.4454294e-07
0.0074696691,-3.3990734e-07
0.0074825368,-3.3979184e-07
0.0074954044,-3.4164693e-07
0.0075082721,-3.4028121e-07
0.0075211397,-3.4355833e-07
0.0075340074,-3.4514634e-07
0.007546875,-3.3983223e-07
0.0075597426,-3.3963155e-07
0.0075726103,-3.4125566e-07
0.0075854779,-3.4430611e-07
0.0075983456,-3.4225611e-07
0.0076112132,-3.3994336e-07
0.0076240809,-3.3982064e-07
0.0076369485,-3.4042987e-07
0.0076498162,-3.4107661e-07
0.0076626838,-3.3888945e-07
0.0076755515,-3.4499615e-07
0.0076884191,-3.3957662e-07
0.0077012868,-3.412917e-07
0.0077141544,-3.3986534e-07
0.0077270221,-3.3879126e-07
0.0077398897,-3.4171757e-07
0.0077527574,-3.396892e-07
0.007765625,-3.4256207e-07
0.0077784926,-3.430284e-07
0.0077913603,-3.4040525e-07
0.0078042279,-3.4209578e-07
0.0078170956,-3.4624919e-07
0.0078299632,-3.480581e-07
0.0078428309,-3.4478674e-07
0.0078556985,-3.414894e-07
0.0078685662,-3.3613629e-07
0.0078814338,-3.3659681e-07
0.0078943015,-3.3734317e-07
0.0079071691,-3.3804912e-07
0.0079200368,-3.3760592e-07
0.0079329044,-3.3996197e-07
0.0079457721,-3.4349605e-07
0.0079586397,-3.3800867e-07
0.0079715074,-3.3904235e-07
0.007984375,-3.3692448e-07
0.0079972426,-3.4431314e-07
0.0080101103,-3.43727e-07
0.0080229779,-3.43138e-07
0.0080358456,-3.4478377e-07
0.0080487132,-3.4566007e-07
0.0080615809,-3.4218947e-07
0.0080744485,-3.3705149e-07
0.0080873162,-3.3842441e-07
0.0081001838,-3.3789313e-07
0.0081130515,-3.4009181e-07
0.0081259191,-3.4365911e-07
0.0081387868,-3.411962e-07
0.0081516544,-3.4381356e-07
0.0081645221,-3.4467543e-07
0.0081773897,-3.4771721e-07
0.0081902574,-3.4635585e-07
0.008203125,-3.4148202e-07
0.0082159926,-3.416538e-07
0.0082288603,-3.4214465e-07
0.0082417279,-3.421533e-07
0.0082545956,-3.4760024e-07
0.0082674632,-3.4103591e-07
0.0082803309,-3.3992571e-07
0.0082931985,-3.4632114e-07
0.0083060662,-3.3792191e-07
0.0083189338,-3.4136935e-07
0.0083318015,-3.3918799e-07
0.0083446691,-3.4161479e-07
0.0083575368,-3.4366332e-07
0.0083704044,-3.4728837e-07
0.0083832721,-3.4725805e-07
0.0083961397,-3.4226874e-07
0.0084090074,-3.4480669e-07
0.008421875,-3.4434183e-07
0.0084347426,-3.4567576e-07
0.0084476103,-3.4607711e-07
0.0084604779,-3.4550683e-07
0.0084733456,-3.4722624e-07
0.0084862132,-3.4296742e-07
0.0084990809,-3.4688408e-07
0.0085119485,-3.4240727e-07
0.0085248162,-3.5073288e-07
0.0085376838,-3.475164e-07
0.0085505515,-3.488763e-07
0.0085634191,-3.4617664e-07
0.0085762868,-3.4375128e-07
0.0085891544,-3.5243059e-07
0.0086020221,-3.4610734e-07
0.0086148897,-3.4496252e-07
0.0086277574,-3.3952133e-07
0.008640625,-3.4374404e-07
0.0086534926,-3.4348128e-07
0.0086663603,-3.4290959e-07
0.0086792279,-3.4464343e-07
0.0086920956,-3.4434891e-07
0.0087049632,-3.4076573e-07
0.0087178309,-3.3912285e-07
0.0087306985,-3.4410347e-07
0.0087435662,-3.3950252e-07
0.0087564338,-3.4123491e-07
0.0087693015,-3.4239705e-07
0.0087821691,-3.4388113e-07
0.0087950368,-3.4390998e-07
0.0088079044,-3.3800251e-07
0.0088207721,-3.4249374e-07
0.0088336397,-3.3928448e-07
0.0088465074,-3.4515153e-07
0.008859375,-3.4363856e-07
0.0088722426,-3.4201154e-07
0.0088851103,-3.4493639e-07
0.0088979779,-3.4607688e-07
0.0089108456,-3.4534062e-07
0.0089237132,-3.4175887e-07
0.0089365809,-3.3972331e-07
0.0089494485,-3.4149467e-07
0.0089623162,-3.4083058e-07
0.0089751838,-3.395125e-07
0.0089880515,-3.4428815e-07
0.0090009191,-3.4744831e-07
0.0090137868,-3.4527417e-07
0.0090266544,-3.4627604e-07
0.0090395221,-3.436197e-07
0.0090523897,-3.4667594e-07
0.0090652574,-3.4969462e-07
0.009078125,-3.4107884e-07
0.0090909926,-3.4166928e-07
0.0091038603,-3.3600001e-07
0.0091167279,-3.402386e-07
0.0091295956,-3.3841959e-07
0.0091424632,-3.4380878e-07
0.0091553309,-3.4246759e-07
0.0091681985,-3.37998e-07
0.0091810662,-3.4152344e-07
0.0091939338,-3.4207781e-07
0.0092068015,-3.4186556e-07
0.0092196691,-3.4134295e-07
0.0092325368,-3.4580676e-07
0.0092454044,-3.3979245e-07
0.0092582721,-3.4181648e-07
0.0092711397,-3.4615611e-07
0.0092840074,-3.4172551e-07
0.009296875,-3.4460705e-07
0.0093097426,-3.4463591e-07
0.0093226103,-3.4769938e-07
0.0093354779,-3.3785646e-07
0.0093483456,-3.4438471e-07
0.0093612132,-3.4535196e-07
0.0093740809,-3.4234046e-07
0.0093869485,-3.4476581e-07
0.0093998162,-3.4348672e-07
0.0094126838,-3.4521335e-07
0.0094255515,-3.4070766e-07
0.0094384191,-3.4065568e-07
0.0094512868,-3.4111186e-07
0.0094641544,-3.4237362e-07
0.0094770221,-3.4535046e-07
0.0094898897,-3.421051e-07
0.0095027574,-3.472373e-07
0.009515625,-3.3946895e-07
0.0095284926,-3.3976056e-07
0.0095413603,-3.3658595e-07
0.0095542279,-3.4481915e-07
0.0095670956,-3.4217867e-07
0.0095799632,-3.3508305e-07
0.0095928309,-3.3884814e-07
0.0096056985,-3.4032355e-07
0.0096185662,-3.4797641e-07
0.0096314338,-3.43592e-07
0.0096443015,-3.4169935e-07
0.0096571691,-3.4342597e-07
0.0096700368,-3.4256554e-07
0.0096829044,-3.4432968e-07
0.0096957721,-3.4208335e-07
0.0097086397,-3.4172098e-07
0.0097215074,-3.3936778e-07
0.009734375,-3.3999145e-07
0.0097472426,-3.4012282e-07
0.0097601103,-3.4438452e-07
0.0097729779,-3.4256548e-07
0.0097858456,-3.3835288e-07
0.0097987132,-3.3831099e-07
0.0098115809,-3.3863003e-07
0.0098244485,-3.4300147e-07
0.0098373162,-3.3790819e-07
0.0098501838,-3.3726575e-07
0.0098630515,-3.3689474e-07
0.0098759191,-3.3606463e-07
0.0098887868,-3.4117663e-07
0.0099016544,-3.4357167e-07
0.0099145221,-3.458613e-07
0.0099273897,-3.3850438e-07
0.0099402574,-3.4191144e-07
0.009953125,-3.3772624e-07
0.0099659926,-3.373581e-07
0.0099788603,-3.4151586e-07
0.0099917279,-3.3637784e-07
0.010004596,-3.3473351e-07
0.010017463,-3.3256224e-07
0.010030331,-3.3644858e-07
0.010043199,-3.3447506e-07
0.010056066,-3.3352513e-07
0.010068934,-3.3640667e-07
0.010081801,-3.3884791e-07
0.010094669,-3.4098451e-07
0.010107537,-3.4018184e-07
0.010120404,-3.3934306e-07
0.010133272,-3.3766263e-07
0.01014614,-3.341141e-07
0.010159007,-3.323716e-07
0.010171875,-3.3485757e-07
0.010184743,-3.2999244e-07
0.01019761,-3.3226621e-07
0.010210478,-3.3389609e-07
0.010223346,-3.3509577e-07
0.010236213,-3.3154724e-07
0.010249081,-3.3392637e-07
0.010261949,-3.3586954e-07
0.010274816,-3.374056e-07
0.010287684,-3.359677e-07
0.010300551,-3.347377e-07
0.010313419,-3.3327671e-07
0.010326287,-3.3848977e-07
0.010339154,-3.3479254e-07
0.010352022,-3.3397253e-07
0.01036489,-3.3427571e-07
0.010377757,-3.359518e-07
0.010390625,-3.3649025e-07
0.010403493,-3.3156305e-07
0.01041636,-3.3363323e-07
0.010429228,-3.3452687e-07
0.010442096,-3.3516208e-07
0.010454963,-3.331164e-07
0.010467831,-3.3067371e-07
0.010480699,-3.380768e-07
0.010493566,-3.3758019e-07
0.010506434,-3.3725824e-07
0.010519301,-3.31127e-07
0.010532169,-3.3512159e-07
0.010545037,-3.3059283e-07
0.010557904,-3.3229345e-07
0.010570772,-3.369204e-07
0.01058364,-3.3487759e-07
0.010596507,-3.3087863e-07
0.010609375,-3.3706329e-07
0.010622243,-3.3828895e-07
0.01063511,-3.3647716e-07
0.010647978,-3.3929373e-07
0.010660846,-3.3098255e-07
0.010673713,-3.2967749e-07
0.010686581,-3.36519e-07
0.010699449,-3.3370818e-07
0.010712316,-3.3372405e-07
0.010725184,-3.3547378e-07
0.010738051,-3.2953598e-07
0.010750919,-3.3387419e-07
0.010763787,-3.3592272e-07
0.010776654,-3.3494249e-07
0.010789522,-3.3137952e-07
0.01080239,-3.3416435e-07
0.010815257,-3.3496846e-07
0.010828125,-3.3765943e-07
0.010840993,-3.3578122e-07
0.01085386,-3.3061433e-07
0.010866728,-3.2896133e-07
0.010879596,-3.3019856e-07
0.010892463,-3.2922117e-07
0.010905331,-3.9656955e-07
0.010918199,-3.4291289e-07
0.010931066,-3.3296891e-07
0.010943934,-3.2972787e-07
0.010956801,-3.3214313e-07
0.010969669,-3.3189481e-07
0.010982537,-3.3362286e-07
0.010995404,-3.2997184e-07
0.011008272,-3.2919659e-07
0.01102114,-3.3667765e-07
0.011034007,-3.3662712e-07
0.011046875,-3.3576959e-07
0.011059743,-3.3331822e-07
0.01107261,-3.3725654e-07
0.011085478,-3.3689994e-07
0.011098346,-3.3298761e-07
0.011111213,-3.3199291e-07
0.011124081,-3.345482e-07
0.011136949,-3.369923e-07
0.011149816,-3.3480228e-07
0.011162684,-3.2738905e-07
0.011175551,-3.3066184e-07
0.011188419,-3.3120175e-07
0.011201287,-3.301782e-07
0.011214154,-3.3156121e-07
0.011227022,-3.3085238e-07
0.01123989,-3.3102127e-07
0.011252757,-3.2729661e-07
0.011265625,-3.2555556e-07
0.011278493,-4.0524146e-07
0.01129136,-3.2936971e-07
0.011304228,-3.2951984e-07
0.011317096,-3.344947e-07
0.011329963,-3.360654e-07
0.011342831,-3.3414387e-07
0.011355699,-3.3175171e-07
0.011368566,-3.2560313e-07
0.011381434,-3.2799241e-07
0.011394301,-3.3006405e-07
0.011407169,-3.2959052e-07
0.011420037,-3.2940283e-07
0.011432904,-3.2718824e-07
0.011445772,-3.2903325e-07
0.01145864,-3.2909243e-07
0.011471507,-3.2767908e-07
0.011484375,-3.3201007e-07
0.011497243,-3.2734414e-07
0.01151011,-3.291516e-07
0.011522978,-3.3251389e-07
0.011535846,-3.3591805e-07
0.011548713,-3.3429393e-07
0.011561581,-3.3226411e-07
0.011574449,-3.3105e-07
0.011587316,-3.3110628e-07
0.011600184,-3.2815399e-07
0.011613051,-3.3247344e-07
0.011625919,-3.3731403e-07
0.011638787,-3.3026028e-07
0.011651654,-3.2788256e-07
0.011664522,-3.324532e-07
0.01167739,-3.2952833e-07
0.011690257,-3.2925401e-07
0.011703125,-3.9479058e-07
0.011715993,-3.2866788e-07
0.01172886,-3.2892053e-07
0.011741728,-3.2724007e-07
0.011754596,-3.2669148e-07
0.011767463,-3.2600863e-07
0.011780331,-3.2682863e-07
0.011793199,-3.3139925e-07
0.011806066,-3.2745804e-07
0.011818934,-3.2625692e-07
0.011831801,-3.2781029e-07
0.011844669,-3.255423e-07
0.011857537,-3.9130551e-07
0.011870404,-3.2559137e-07
0.011883272,-3.2880928e-07
0.01189614,-3.2807444e-07
0.011909007,-3.2917164e-07
0.011921875,-3.3052145e-07
0.011934743,-3.3232169e-07
0.01194761,-3.3114799e-07
0.011960478,-3.3270571e-07
0.011973346,-3.3008978e-07
0.011986213,-3.3256853e-07
0.011999081,-3.3211811e-07
0.012011949,-3.3320229e-07
0.012024816,-3.2997859e-07
0.012037684,-3.2419958e-07
0.012050551,-3.2909071e-07
0.012063419,-3.3015468e-07
0.012076287,-3.8894502e-07
0.012089154,-4.0890943e-07
0.012102022,-4.1693189e-07
0.01211489,-4.0585175e-07
0.012127757,-4.0919384e-07
0.012140625,-4.1200174e-07
0.012153493,-4.1088725e-07
0.01216636,-4.0115549e-07
0.012179228,-4.1959252e-07
0.012192096,-4.1275244e-07
0.012204963,-3.9594672e-07
0.012217831,-4.0233348e-07
0.012230699,-4.1161193e-07
0.012243566,-4.0922408e-07
0.012256434,-3.9173553e-07
0.012269301,-4.0719717e-07
0.012282169,-4.0748157e-07
0.012295037,-3.9304636e-07
0.012307904,-4.0770822e-07
0.012320772,-4.130411e-07
0.01233364,-4.1091315e-07
0.012346507,-3.9545581e-07
0.012359375,-4.1258345e-07
0.012372243,-4.1238999e-07
0.01238511,-3.9313585e-07
0.012397978,-4.0884433e-07
0.012410846,-4.1514737e-07
0.012423713,-4.0965277e-07
0.012436581,-3.9740618e-07
0.012449449,-4.1404005e-07
0.012462316,-4.1244335e-07
0.012475184,-3.9731232e-07
0.012488051,-4.0779909e-07
0.012500919,-4.1294575e-07
0.012513787,-4.0781206e-07
0.012526654,-3.9232155e-07
0.012539522,-4.12003e-07
0.01255239,-4.11401e-07
0.012565257,-3.9317328e-07
0.012578125,-4.1160599e-07
0.012590993,-4.1174313e-07
0.01260386,-4.0422597e-07
0.012616728,-3.9686037e-07
0.012629596,-4.1019406e-07
0.012642463,-4.1141105e-07
0.012655331,-3.938922e-07
0.012668199,-4.0927443e-07
0.012681066,-4.1290668e-07
0.012693934,-4.1406737e-07
0.012706801,-4.0378128e-07
0.012719669,-4.153479e-07
0.012732537,-4.1038169e-07
0.012745404,-3.9300574e-07
0.012758272,-4.0768923e-07
0.01277114,-4.1060687e-07
0.012784007,-4.0833743e-07
0.012796875,-3.9983568e-07
0.012809743,-4.1733433e-07
0.01282261,-4.1378436e-07
0.012835478,-3.9839057e-07
0.012848346,-4.0962371e-07
0.012861213,-4.1020549e-07
0.012874081,-4.0430668e-07
0.012886949,-3.9549598e-07
0.012899816,-4.0724018e-07
0.012912684,-4.1051585e-07
0.012925551,-3.8885945e-07
0.012938419,-4.0658909e-07
0.012951287,-4.1056205e-07
0.012964154,-4.0475994e-07
0.012977022,-4.0047949e-07
0.01298989,-4.1233772e-07
0.013002757,-4.1215728e-07
0.013015625,-3.9278905e-07
0.013028493,-4.1206776e-07
0.01304136,-4.0569397e-07
0.013054228,-3.9879756e-07
0.013067096,-4.0254676e-07
0.013079963,-4.1594974e-07
0.013092831,-4.1278521e-07
0.013105699,-3.9138146e-07
0.013118566,-4.1267404e-07
0.013131434,-4.1496802e-07
0.013144301,-4.1102537e-07
0.013157169,-4.0332198e-07
0.013170037,-4.1319518e-07
0.013182904,-4.0531999e-07
0.013195772,-3.893747e-07
0.01320864,-4.1407579e-07
0.013221507,-4.1277073e-07
0.013234375,-4.0346197e-07
0.013247243,-4.0108425e-07
0.01326011,-4.0883528e-07
0.013272978,-4.1132559e-07
0.013285846,-3.9136404e-07
0.013298713,-4.1172692e-07
0.013311581,-4.1358778e-07
0.013324449,-4.091413e-07
0.013337316,-3.3549565e-07
0.013350184,-3.3795277e-07
0.013363051,-3.3230948e-07
0.013375919,-3.3326662e-07
0.013388787,-3.3151113e-07
0.013401654,-3.2735625e-07
0.013414522,-3.2822389e-07
0.01342739,-3.293947e-07
0.013440257,-3.2680909e-07
0.013453125,-3.2831628e-07
0.013465993,-3.229545e-07
0.01347886,-3.2240156e-07
0.013491728,-3.2769113e-07
0.013504596,-3.2580138e-07
0.013517463,-3.3094804e-07
0.013530331,-3.2887349e-07
0.013543199,-3.2518493e-07
0.013556066,-3.2621568e-07
0.013568934,-3.3076611e-07
0.013581801,-3.3108948e-07
0.013594669,-3.2386681e-07
0.013607537,-3.2639178e-07
0.013620404,-3.2932675e-07
0.013633272,-3.2903657e-07
0.01364614,-3.283104e-07
0.013659007,-3.2856882e-07
0.013671875,-3.3236131e-07
0.013684743,-3.3132187e-07
0.01369761,-3.3118327e-07
0.013710478,-3.3090608e-07
0.013723346,-3.2865975e-07
0.013736213,-3.2887917e-07
0.013749081,-3.2621561e-07
0.013761949,-3.2598028e-07
0.013774816,-3.2840418e-07
0.013787684,-3.28742e-07
0.013800551,-3.2723191e-07
0.013813419,-3.3256624e-07
0.013826287,-3.3086993e-07
0.013839154,-3.2828578e-07
0.013852022,-3.3180686e-07
0.01386489,-3.3108214e-07
0.013877757,-3.3121494e-07
0.013890625,-3.2871162e-07
0.013903493,-3.2914616e-07
0.01391636,-3.3159316e-07
0.013929228,-3.3064613e-07
0.013942096,-3.2560916e-07
0.013954963,-3.2275361e-07
0.013967831,-3.2681317e-07
0.013980699,-3.270196e-07
0.013993566,-3.2517604e-07
0.014006434,-3.2668757e-07
0.014019301,-3.278598e-07
0.014032169,-3.24639e-07
0.014045037,-3.2952433e-07
0.014057904,-3.2963117e-07
0.014070772,-3.3161331e-07
0.01408364,-3.5933164e-07
0.014096507,-4.2796201e-07
0.014109375,-4.2786527e-07
0.014122243,-4.2896244e-07
0.01413511,-3.829471e-07
0.014147978,-3.2984046e-07
0.014160846,-3.3128122e-07
0.014173713,-3.2787417e-07
0.014186581,-3.2456817e-07
0.014199449,-3.249291e-07
0.014212316,-3.2936258e-07
0.014225184,-3.2644058e-07
0.014238051,-3.5597074e-07
0.014250919,-4.3172989e-07
0.014263787,-4.3671197e-07
0.014276654,-4.3427072e-07
0.014289522,-3.9007872e-07
0.01430239,-3.3341056e-07
0.014315257,-3.2948524e-07
0.014328125,-3.3435036e-07
0.014340993,-3.2922247e-07
0.01435386,-3.286219e-07
0.014366728,-3.2507772e-07
0.014379596,-3.2862333e-07
0.014392463,-3.3198563e-07
0.014405331,-3.3287347e-07
0.014418199,-3.3379454e-07
0.014431066,-3.2802275e-07
0.014443934,-3.2606657e-07
0.014456801,-3.2806315e-07
0.014469669,-3.2305943e-07
0.014482537,-3.9228454e-07
0.014495404,-4.3324418e-07
0.014508272,-4.3001904e-07
0.01452114,-4.305806e-07
0.014534007,-3.4691738e-07
0.014546875,-3.2971322e-07
0.014559743,-3.2933931e-07
0.01457261,-3.2457956e-07
0.014585478,-4.1327249e-07
0.014598346,-4.2978799e-07
0.014611213,-4.2872835e-07
0.014624081,-4.232684e-07
0.014636949,-3.3286182e-07
0.014649816,-3.2958182e-07
0.014662684,-3.2342168e-07
0.014675551,-3.3159716e-07
0.014688419,-4.3021672e-07
0.014701287,-4.3505444e-07
0.014714154,-4.3062381e-07
0.014727022,-3.9955184e-07
0.01473989,-3.2911402e-07
0.014752757,-3.2635083e-07
0.014765625,-3.2423732e-07
0.014778493,-3.6324655e-07
0.01479136,-4.3134994e-07
0.014804228,-4.2950782e-07
0.014817096,-4.2739141e-07
0.014829963,-3.7665528e-07
0.014842831,-3.2610827e-07
0.014855699,-3.3284584e-07
0.014868566,-3.3046667e-07
0.014881434,-3.8309689e-07
0.014894301,-4.3226375e-07
0.014907169,-4.353474e-07
0.014920037,-4.3437436e-07
0.014932904,-3.57134e-07
0.014945772,-3.2669435e-07
0.01495864,-3.1988889e-07
0.014971507,-3.2322231e-07
0.014984375,-4.0335289e-07
0.014997243,-4.3209191e-07
0.01501011,-4.3459667e-07
0.015022978,-4.323272e-07
0.015035846,-3.2537478e-07
0.015048713,-3.2253222e-07
0.015061581,-3.2527517e-07
0.015074449,-3.2686174e-07
0.015087316,-4.2716031e-07
0.015100184,-4.2835277e-07
0.015113051,-4.2821994e-07
0.015125919,-4.0741528e-07
0.015138787,-3.2390509e-07
0.015151654,-3.2676787e-07
0.015164522,-3.2954402e-07
0.01517739,-3.5078755e-07
0.015190257,-4.2842345e-07
0.015203125,-4.2660589e-07
0.015215993,-4.2732482e-07
0.01522886,-3.7912954e-07
0.015241728,-3.2499068e-07
0.015254596,-3.2190267e-07
0.015267463,-3.2327126e-07
0.015280331,-3.7151419e-07
0.015293199,-4.2723527e-07
0.015306066,-4.2936901e-07
0.015318934,-4.3273563e-07
0.015331801,-3.5869731e-07
0.015344669,-3.2248155e-07
0.015357537,-3.2607628e-07
0.015370404,-3.2695255e-07
0.015383272,-3.9994133e-07
